00000000000000000000000000
00000000000000000000000000
00000000000000000000000000
00000000000000000000000000
00000000000000000000000000
00000000000000000000000000
00000000000000000000000000
00000000000000000000000000
00000000000000000000000000
00000000000000000000000000
00000000002220000000000000
00000000001110000000000000
00011110000030000000000000
00000411000000000100000000
00000411100000000120000000

##########################

00000000000000000000000000
00000000000000000000000000
00000000000000000000000000
00000000000000000000000000
00000000000000000000000000
00000000000000000000000000
00000000000000000000000000
00000000000000000000000000
00000000000000000000000000
00000000011111110000000000
00000000000004150000000000
00000000000000100000000000
00000000011000000000000000
00000000015000000010000000
00000000015200000010000000

##########################

00000000000000000000000000
00000000000000000000000000
00000000000000000000000000
00000000000000000000000000
00000000000011100000000000
00000000000033300000000000
00000000000000000000000000
00000000000000000000000000
00000000000000000000000000
00000000000010000000000000
00000000000010000000000000
00000000000010000000000000
00000001111115000000000000
00000001000000000000000000
00000001222222220000000000

##########################

00000000000000000000000000
00000000000000000000000000
00000000000000000000000000
00000000000000000000000000
00000000000000000000000000
00000000000000000000000000
00000000000000000000000000
00000000000000000000000000
00000000000000000000000000
00000000000000000000000000
00000002000000000000200000
00000001000000000004100000
00000001000000000000110000
00000001100010001100000000
00000000000010221000000000

##########################

00000000000000000000000000
00000000000000000000000000
00000000000000000000000000
00000000000000000000000000
00000000000000000000000000
00000000000000000000000000
00000000000000000000000000
00000000000000000000000000
00000000000000000000000000
00000000011110000000000000
00000000000115000000002200
00000000000010000000001100
00000000010000001000000000
00000000011000001000000000
00000000011111111200000000

##########################

00000000000000000000000000
00000000000000000000000000
00000000000000000000000000
00000000000000000000000000
00000000000000000000000000
00000000000000000000000000
00000000000000000000000000
00000000000000000000000000
00000000000000000000000000
00000000000000000000000000
00000001111100000111110000
00000000004115000000410000
00000000000415000000030000
00000000100030000100000000
00000000100000000100000000

##########################

00000000000000000000000000
00000000000000000000000000
00000000000000000000000000
00000000000000000000000000
00000000000000000000000000
00000000000000000000000000
00000000000000000000000000
00000000000000000000000000
00000000111111100000000000
00000000000003111111000000
00000000000000030000000000
00000000111110000000000000
00000000000000000000000000
00000000000000011000000000
00000000022200000220000000

##########################

00000000000000000000000000
00000000000000000000000000
00000000000000000000000000
00000000000000000000000000
00000000000000000000000000
00000000000000000000000000
00000000000000000000000000
00000000000001111110000000
00000000000000000410000000
00000000000000000410000000
00000000000001100004100000
00000000100000000000100000
00000000101000001100000000
00000000100000000000000000
00000000120022222200000000

##########################

00000000000000000000000000
00000000000000000000000000
00000000000000000000000000
00000000000000000000000000
00000000000000000000000000
00000000000000000000000000
00000000000000000000000000
00000000000000000000000000
00000000000011100000000000
00000000000000304100000000
00000001100000004100000000
00000000000011000004110000
00000000000000000004130000
00000000110000011000000000
00000000100222200000000000

##########################

00000000000000000000000000
00000000000000000000000000
00000000000000000000000000
00000000000000000000000000
00000000000000000000000000
00000000000000000000000000
00000000000000000000000000
00000000000000000000000000
00000000000000000000000000
00000000000000011110000000
00000002000000000004100000
00000001000100000004100000
00000001100000011000001100
00000003300000000000003300
00000000000112200200000000

##########################
